APPENDIX	B:	GLOBAL	POSITIONING	SYSTEM	DATA	
						
NORTH	TOE	STATION				
3D						
						
location	day	northing	easting	elevation	vector	
nt0216	1	4725370713	180437.222	977.895		
nt0217	2	4725370714	180437.222	977.915		
nt0218	3	4725370712	180437.22	977.87		
nt0219	4	4725370713	180437.221	977.909		
nt0220	5	4725370714	180437.22	977.901		
nt0221	6	4725370713	180437.22	977.891		
nt0222	7	4725370713	180437.22	977.89		
nt0223	8	4725370713	180437.22	977.908		
nt0224	9	4725370713	180437.219	977.907		
nt0225	10	4725370713	180437.218	977.913		
nt0226	11	4725370713	180437.218	977.912	0.0102	
nt0227	12	4725370712	180437.219	977.91	0.0106	
nt0228	13	4725370712	180437.219	977.907	0.0102	
nto301	14	4725369152	180437.568	975.849	0.012	
nto302	15	4725369152	180437.569	975.848	0.0123	
nto303	16	4725369152	180437.569	975.858	0.0125	
nto304	17	4725369152	180437.569	975.862	0.0134	
nto305	18	4725369152	180437.568	975.867	0.0135	
nto306	19	4725369152	180437.569	975.867	0.0133	
nto307	20	4725369151	180437.568	975.863	0.0135	
nto308	21	4725369152	180437.567	975.864	0.0134	
nto309	22	4725369151	180437.567	975.855	0.0132	
nto310	23	4725369152	180437.568	975.855	0.0132	
nto311	24	4725369152	180437.568	975.86	0.0134	
nto312	25	4725369151	180437.568	975.864	0.0137	
nto313	26	4725369153	180437.568	975.856	0.014	
nto314	27	4725369152	180437.567	975.86	0.014	
nto315	28	4725369153	180437.567	975.843	0.0139	
nto316	29	4725370837	180437.438	975.518	0.0131	
nto317	30	4725370835	180437.44	975.525	0.0127	
nto318	31	4725370835	180437.439	975.526	0.0123	
nto319	32	4725370835	180437.438	975.524	0.0118	
nto320	33	4725370836	180437.439	975.525	0.0119	
nto321	34	4725370836	180437.438	975.524	0.0117	
nto322	35	4725370835	180437.44	975.521	0.0111	
nto323	36	4725370835	180437.44	975.52	0.0104	
nto324	37	4725370835	180437.439	975.521	0.0102	
nto325	38	4725370835	180437.439	975.526	0.0099	
nto326	39	4725370835	180437.44	975.512	0.0099	
nto327	40	4725370835	180437.439	975.521	0.0098	
nto328	41	4725370835	180437.439	975.52	0.0093	
nto329	42	4725370835	180437.439	975.516	0.0088	
nto330	43	4725370835	180437.439	975.523	0.0085	
nto331	44	4725370835	180437.437	975.512	0.0083	
nto401	45	4725371132	180436.502	979.161	0.0081	
nto402	46	4725371132	180436.502	979.163	0.0079	
nto403	47	4725371132	180436.503	979.166	0.0076	
nto404	48	4725371132	180436.502	979.167	0.0073	
nto405	49	4725371132	180436.503	979.162	0.007	
nto406	50	4725371132	180436.503	979.166	0.0072	
nto407	51	4725371132	180436.502	979.163	0.0071	
nto408	52	4725371133	180436.502	979.164	0.007	
nto409	53	4725371132	180436.503	979.168	0.0069	
nto410	54	4725371132	180436.503	979.17	0.0066	
nto411	55	4725371131	180436.502	979.17	0.0066	
nto412	56	472537113	180436.504	979.167	0.0066	
nto413	57	472537113	180436.502	979.162	0.0068	
nto414	58	4725371131	180436.503	979.163	0.007	
nto415	59	472537113	180436.504	979.169	0.007	
nto422	66	4725371803	180437.688	976.585	0.0073	
nto423	67	4725371804	180437.687	976.585	0.0072	
nto424	68	4725371805	180437.686	976.582	0.0072	
nto425	69	4725371804	180437.688	976.579	0.0074	
nto426	70	4725371804	180437.688	976.581	0.0076	
nto427	71	4725371805	180437.688	976.582	0.0077	
nto428	72	4725371804	180437.688	976.579	0.0078	
nto429	73	4725371804	180437.687	976.586	0.0081	
nto430	74	4725371805	180437.687	976.588	0.0084	
nt0501	75	4725369390	180437.108	980.714	0.0088	
nt0502	76	4725369387	180437.107	980.717	0.0092	
nt0503	77	4725369387	180437.108	980.708	0.0094	
nt0504	78	4725369388	180437.107	980.71	0.0097
nt0505	79	4725369387	180437.107	980.716	0.0102	
nt0506	80	4725369387	180437.106	980.719	0.0106	
nt0507	81	4725369387	180437.106	980.717	0.0113	
nt0516	90	4725367047	180435.515	977.988	0.0116	
nt0517	91	4725367046	180435.515	977.993	0.012	
nt0518	92	4725367045	180435.515	977.986	0.0122	
nt0519	93	4725367046	180435.515	977.99	0.0127	
nt0520	94	4725367046	180435.515	977.997	0.0135	
nt0521	95	4725367047	180435.515	977.992	0.0138	
nt0523	97	4725367046	180435.515	977.994	0.0145	
nt0524	98	4725367047	180435.515	977.996	0.0152	
nt0525	99	4725367047	180435.516	977.993	0.0155	
nt0526	100	4725367046	180435.515	977.999	0.016	
nt0527	101	4725367047	180435.515	977.989	0.0163	
nt0528	102	4725367045	180435.516	977.991	0.0168	
nt0529	103	4725367047	180435.516	977.992	0.0169	
nt0530	104	4725367046	180435.516	978.003	0.0175	
nt0531	105	4725367045	180435.514	978.002	0.0179	
nto601	106	4725369238	180438.49	982.054	0.0181	
nto602	107	4725369237	180438.491	982.052	0.0185	
nto603	108	4725369237	180438.49	982.056	0.0189	
nto604	109	4725369237	180438.489	982.052	0.0192	
nto605	110	4725369238	180438.488	982.058	0.0195	
nto606	111	4725369237	180438.49	982.053	0.0196	
nto607	112	4725369238	180438.489	982.055	0.0205	
nto608	113	4725369237	180438.489	982.05	0.021	
nto609	114	4725369237	180438.489	982.057	0.0212	
nto610	115	4725369237	180438.489	982.053	0.0212	
nto611	116	4725369237	180438.488	982.057	0.0212	
nto612	117	4725369237	180438.489	982.056	0.0211	
nto613	118	4725369238	180438.487	982.058	0.0214	
nto614	119	4725369237	180438.488	982.057	0.0212	
nto615	120	4725369237	180438.488	982.055	0.0214	
nto616	121	4725371311	180438.47	981.987	0.0211	
nto617	122	4725371311	180438.472	981.997	0.0212	
nto618	123	4725371310	180438.47	981.986	0.0211	
nto619	124	4725371309	180438.47	981.983	0.0211	
nto620	125	4725371310	180438.471	981.987	0.0209
nto621	126	4725371311	180438.471	981.989	0.021	
nto622	127	4725371310	180438.47	981.983	0.0206	
nto623	128	4725371309	180438.472	981.989	0.0203	
nto624	129	4725371309	180438.471	981.981	0.0199	
nto625	130	4725371310	180438.47	981.986	0.0196	
nto626	131	4725371309	180438.47	981.982	0.0195	
nto627	132	4725371309	180438.47	981.985	0.0193	
nto628	133	4725371309	180438.472	981.983	0.0183	
nto629	134	4725371310	180438.47	981.98	0.0182	
nto701	135	4725370049	180437.457	984.723	0.0183	
nto702	136	4725370051	180437.458	984.726	0.0188	
nto703	137	4725370050	180437.454	984.716	0.0185	
nto705	139	4725370050	180437.457	984.719	0.0183	
nto706	140	4725370049	180437.458	984.72	0.0178	
nto707	141	4725370050	180437.457	984.718	0.018	
nto708	142	4725370049	180437.458	984.723	0.0176	
nto709	143	4725370049	180437.457	984.72	0.0175	
nto710	144	4725370050	180437.456	984.712	0.0173	
nto711	145	4725370051	180437.456	984.721	0.0173	
nto712	146	4725370048	180437.455	984.725	0.0173	
nto713	147	4725370048	180437.456	984.735	0.0172	
nto714	148	4725370050	180437.455	984.719	0.0171	
nto715	149	4725370048	180437.455	984.716	0.0171	
nto716	150	4725369698	180437.93	981.565	0.0172	
nto717	151	4725369698	180437.929	981.575	0.0171	
nto718	152	4725369698	180437.928	981.566	0.0172	
nto719	153	4725369698	180437.93	981.571	0.0174	
nto720	154	4725369698	180437.929	981.569	0.0175	
nto721	155	4725369699	180437.93	981.572	0.0179	
nto722	156	4725369699	180437.927	981.568	0.0181	
nto723	157	4725369699	180437.93	981.575	0.0176	
nto724	158	4725369699	180437.929	981.571	0.0173	
nto725	158	4725369698	180437.93	981.571	0.0173	
nto726	160	4725369700	180437.931	981.576	0.0174	
nto727	161	4725369698	180437.929	981.568	0.0179	
nto728	162	4725369699	180437.928	981.571	0.0178	
nto729	163	4725369697	180437.928	981.577	0.0183	
nto730	164	4725369699	180437.928	981.574	0.0185	
nto731	165	4725369699	180437.929	981.576	0.0188	
nto80103	166	4725371484	180437.329	976.504	0.0189	
nto80203	167	4725371486	180437.329	976.493	0.0189	
nto80303	168	4725371486	180437.328	976.506	0.0189	
nto80403	169	4725371484	180437.33	976.497	0.0195	
nto80503	170	4725371486	180437.329	976.502	0.0197	
nto80603	171	4725371485	180437.328	976.503	0.0197	
nto80703	172	4725371485	180437.328	976.501	0.0195	
nto80803	173	4725371484	180437.329	976.506	0.0195	
nto80903	174	4725371483	180437.328	976.502	0.019	
nto81003	175	4725371485	180437.328	976.504	0.019	
nto81103	176	4725371484	180437.329	976.5	0.0188	
nto81203	177	4725371484	180437.329	976.495	0.0183	
nto81303	178	4725371484	180437.328	976.5	0.0187	
nto81403	179	4725371485	180437.326	976.512	0.0187	
nto81503	180	4725371485	180437.328	976.503	0.0187	
nto81603	181	4725369963	180437.271	979.329	0.0188	
nto81703	182	4725369965	180437.271	979.321	0.0186	
nto81803	183	4725369964	180437.27	979.328	0.0186	
nto81903	184	4725369964	180437.271	979.321	0.0184	
nto82003	185	4725369964	180437.271	979.332	0.0182	
nto82103	186	4725369963	180437.27	979.324	0.0181	
nto82203	187	4725369964	180437.269	979.319	0.0182	
nto82303	188	4725369964	180437.269	979.333	0.0184	
nto82403	189	4725369965	180437.269	979.334	0.0183	
nto82503	190	4725369964	180437.27	979.326	0.0177	
nto82603	191	4725369964	180437.27	979.333	0.0177	
nto82703	192	4725369965	180437.27	979.327	0.0177	
nto82803	193	4725369964	180437.271	979.334	0.018	
nto82903	194	4725369964	180437.27	979.328	0.0182	
nto83003	195	4725369965	180437.269	979.327	0.0185	
nto83103	196	4725369961	180437.273	979.333	0.0184	
nto90103	197	4725369032	180437.699	980.278	0.0186	
nto90203	198	4725369032	180437.699	980.277	0.0191	
nto90303	199	4725369032	180437		980.277	0.0189	
nto90403	200	4725369032	180437		980.275	0.0187	
nto90503	201	4725369032	180437.699	980.28	0.0189	
nto90603	202	4725369033	180437.701	980.278	0.0187	
nto90703	203	4725369031	180437.699	980.275	0.0189	
nto91003	206	4725369034	180437		980.28	0.0186	
						
SOUTH	TOE	STATION				
3D						
						
location	day	northing	easting	elevation	vector	
st0216	1	4725167873	180485.215	970.989		
st0217	2	4725167874	180485.215	971.01		
st0218	3	4725167872	180485.215	970.988		
st0219	4	4725167873	180485.215	971.002		
st0220	5	4725167873	180485.214	970.996		
st0221	6	4725167872	180485.214	970.987		
st0222	7	4725167872	180485.214	970.984		
st0223	8	4725167871	180485.214	971		
st0224	9	4725167872	180485.213	971.002		
st0225	10	4725167871	180485.213	971.009		
st0226	11	4725167870	180485.213	971.007	0.008	
st0227	12	4725167871	180485.213	971.002	0.008	
st0228	13	4725167871	180485.213	971	0.008	
sto301	14	4725166311	180485.563	968.942	0.008	
sto302	15	4725166310	180485.563	968.937	0.008	
sto303	16	4725166310	180485.564	968.937	0.008	
sto304	17	4725166310	180485.563	968.946	0.008	
sto305	18	4725166311	180485.562	968.947	0.009	
sto306	19	4725166311	180485.563	968.956	0.009	
sto307	20	4725166310	180485.562	968.948	0.009	
sto308	21	4725166311	180485.561	968.947	0.009	
sto309	22	4725166311	180485.562	968.944	0.009	
sto310	23	4725166311	180485.561	968.946	0.009	
sto311	24	4725166310	180485.561	968.943	0.009	
sto312	25	4725166311	180485.561	968.947	0.01	
sto313	26	4725166311	180485.562	968.945	0.011	
sto314	27	4725166309	180485.561	968.951	0.012	
sto315	28	4725166310	180485.563	968.954	0.012	
sto316	29	4725167994	180485.433	968.609	0.012	
sto317	30	4725167993	180485.434	968.613	0.012	
sto318	31	4725167991	180485.433	968.621	0.013	
sto319	32	4725167992	180485.433	968.621	0.013	
sto320	33	4725167992	180485.433	968.622	0.012	
sto321	34	4725167993	180485.432	968.624	0.012	
sto322	35	4725167991	180485.433	968.619	0.012	
sto323	36	4725167992	180485.434	968.619	0.012	
sto324	37	4725167991	180485.433	968.622	0.012	
sto325	38	4725167991	180485.432	968.627	0.012	
sto326	39	4725167992	180485.435	968.61	0.012	
sto327	40	4725167991	180485.433	968.623	0.012	
sto328	41	4725167991	180485.432	968.615	0.012	
sto329	42	4725167991	180485.433	968.612	0.012	
sto330	43	4725167995	180485.431	968.604	0.012	
sto402	45	4725168288	180484.498	972.25	0.012	
sto403	46	4725168289	180484.498	972.261	0.011	
sto404	47	4725168286	180484.497	972.26	0.011	
sto405	48	4725168287	180484.498	972.262	0.011	
sto406	49	4725168287	180484.498	972.267	0.01	
sto407	50	4725168287	180484.497	972.265	0.01	
sto408	51	4725168288	180484.496	972.266	0.01	
sto409	52	4725168287	180484.497	972.264	0.009	
sto410	53	4725168288	180484.497	972.267	0.009	
sto411	54	4725168286	180484.496	972.269	0.009	
sto412	55	4725168286	180484.497	972.266	0.009	
sto413	56	4725168287	180484.496	972.263	0.009	
sto414	57	4725168287	180484.497	972.26	0.009	
sto415	58	4725168287	180484.497	972.265	0.009	
sto422	65	4725168960	180485.681	969.68	0.009	
sto423	66	4725168960	180485.68	969.679	0.009	
sto424	67	4725168959	180485.679	969.673	0.008	
sto425	68	4725168960	180485.681	969.676	0.008	
sto426	69	4725168960	180485.681	969.672	0.008	
sto427	70	4725168961	180485.681	969.673	0.008	
sto428	71	4725168960	180485.681	969.672	0.007	
sto429	72	4725168961	180485.681	969.678	0.007	
sto430	73	4725168961	180485.681	969.681	0.007	
st0502	75	4725166544	180485.102	973.807	0.007	
st0503	76	4725166543	180485.102	973.802	0.007	
st0505	78	4725166544	180485.102	973.802	0.007	
st0506	79	4725166544	180485.101	973.806	0.008	
st0507	80	4725166544	180485.101	973.803	0.008	
st0516	89	4725164205	180483.512	971.069	0.008	
st0517	90	4725164204	180483.511	971.08	0.008	
st0518	91	4725164203	180483.511	971.075	0.008	
st0519	92	4725164203	180483.511	971.078	0.008	
st0520	93	4725164204	180483.511	971.083	0.009	
st0521	94	4725164204	180483.51	971.076	0.009	
st0522	95	4725164203	180483.511	971.081	0.009	
st0523	96	4725164202	180483.511	971.081	0.009	
st0524	97	4725164204	180483.51	971.088	0.01	
st0525	98	4725164205	180483.511	971.082	0.01	
st0526	99	4725164204	180483.511	971.089	0.01	
st0527	100	4725164205	180483.511	971.082	0.011	
st0528	101	4725164203	180483.512	971.083	0.011	
st0529	102	4725164204	180483.512	971.077	0.011	
st0530	103	4725164204	180483.511	971.089	0.011	
st0531	104	4725164202	180483.51	971.087	0.011	
sto601	105	4725166395	180486.485	975.139	0.011	
sto602	106	4725166394	180486.486	975.139	0.012	
sto603	107	4725166395	180486.485	975.14	0.012	
sto604	108	4725166394	180486.484	975.136	0.011	
sto605	109	4725166395	180486.484	975.143	0.012	
sto606	110	4725166394	180486.484	975.139	0.012	
sto607	111	4725166395	180486.485	975.139	0.012	
sto608	112	4725166394	180486.485	975.133	0.012	
sto609	113	4725166395	180486.484	975.139	0.012	
sto610	114	4725166395	180486.485	975.133	0.012	
sto611	115	4725166394	180486.484	975.138	0.012	
sto612	116	4725166394	180486.485	975.141	0.012	
sto613	117	4725166394	180486.483	975.139	0.012	
sto614	118	4725166394	180486.484	975.137	0.012	
sto615	119	4725166394	180486.484	975.139	0.012	
sto616	120	4725168469	180486.467	975.073	0.012	
sto617	121	4725168469	180486.469	975.084	0.012	
sto618	122	4725168469	180486.467	975.073	0.013	
sto619	123	4725168467	180486.466	975.067	0.013	
sto620	124	4725168468	180486.466	975.072	0.013	
sto621	125	4725168469	180486.467	975.072	0.013	
sto622	126	4725168468	180486.466	975.068	0.014	
sto623	127	4725168467	180486.468	975.07	0.014	
sto624	128	4725168467	180486.467	975.066	0.014	
sto625	129	4725168467	180486.466	975.071	0.014	
sto626	130	4725168467	180486.466	975.071	0.015	
sto627	131	4725168467	180486.466	975.073	0.015	
sto628	132	4725168467	180486.468	975.073	0.014	
sto629	133	4725168468	180486.465	975.07	0.015	
sto630	134	4725168469	180486.466	975.075	0.015	
sto701	135	4725167208	180485.452	977.811	0.015	
sto702	136	4725167210	180485.453	977.82	0.015	
sto703	137	4725167209	180485.45	977.811	0.016	
sto704	138	4725167209	180485.453	977.816	0.016	
sto705	139	4725167210	180485.452	977.813	0.016	
sto706	140	4725167208	180485.453	977.816	0.016	
sto707	141	4725167210	180485.452	977.812	0.016	
sto708	142	4725167208	180485.453	977.816	0.017	
sto709	143	4725167208	180485.452	977.815	0.017	
sto710	144	4725167210	180485.451	977.81	0.017	
sto711	145	4725167210	180485.451	977.814	0.017	
sto712	146	4725167208	180485.45	977.813	0.017	
sto713	147	4725167208	180485.451	977.824	0.017	
sto714	148	4725167209	180485.451	977.813	0.018	
sto715	149	4725167208	180485.45	977.814	0.017	
sto716	150	4725166857	180485.925	974.66	0.018	
sto717	151	4725166857	180485.925	974.669	0.017	
sto718	152	4725166857	180485.924	974.665	0.018	
sto719	153	4725166857	180485.925	974.667	0.018	
sto720	154	4725166857	180485.925	974.669	0.018	
sto721	155	4725166857	180485.926	974.67	0.018	
sto722	156	4725166858	180485.923	974.664	0.018	
sto723	157	4725166856	180485.925	974.674	0.018	
sto724	158	4725166858	180485.924	974.668	0.019	
sto725	159	4725166857	180485.926	974.666	0.019	
sto726	160	4725166860	180485.926	974.67	0.019	
sto727	161	4725166858	180485.924	974.663	0.02	
sto728	162	4725166858	180485.924	974.668	0.024	
sto729	163	4725166856	180485.923	974.672	0.027	
sto730	164	4725166858	180485.923	974.664	0.031	
sto731	165	4725166859	180485.924	974.668	0.035	
sto80103	166	4725168643	180485.324	969.595	0.038	
sto80203	167	4725168642	180485.325	969.601	0.042	
sto80303	168	4725168644	180485.324	969.607	0.045	
sto80403	169	4725168642	180485.325	969.597	0.049	
sto80503	170	4725168644	180485.324	969.601	0.053	
sto80603	171	4725168642	180485.323	969.603	0.057	
st121703	304	4725168516	180485.585	972.214	0.061	
st121803	305	4725168517	180485.585	972.195	0.064	
st121903	306	4725168517	180485.585	972.204	0.067	
st122003	307	4725168517	180485.583	972.2	0.07	
st122103	308	4725168517	180485.583	972.201	0.072	
st122203	309	4725168516	180485.584	972.201	0.076	
st122303	310	4725168515	180485.584	972.199	0.08	
st122403	311	4725168515	180485.583	972.206	0.083	
st122503	312	4725168515	180485.581	972.201	0.087	
st122603	313	4725168514	180485.582	972.2	0.091	
st122703	314	4725168514	180485.581	972.199	0.094	
st122803	315	4725168514	180485.582	972.2	0.094	
st122903	316	4725168504	180485.588	972.172	0.094	
st123003	317	4725168515	180485.581	972.188	0.094	
st123103	318	4725168513	180485.579	972.137	0.094	
st010104	319	4725168512	180485.58	972.198	0.094	
st010204	320	4725168512	180485.58	972.205	0.093	
st010304	321	4725168512	180485.579	972.205	0.093	
st010404	322	4725168511	180485.579	972.204	0.093	
st010504	323	4725168512	180485.579	972.201	0.093	
						
MIDDLE	STATION					
3D						
						
location	day	northing	easting	elevation	vector	
mid216	1	4725337235	180591.962	1014.164		
mid217	2	4725337236	180591.962	1014.183		
mid218	3	4725337239	180591.956	1014.127		
mid219	4	4725337235	180591.961	1014.175		
mid220	5	4725337235	180591.961	1014.167		
mid221	6	4725337235	180591.961	1014.154		
mid222	7	4725337235	180591.96	1014.152		
mid223	8	4725337234	180591.96	1014.171		
mid224	9	4725337234	180591.959	1014.173		
mid225	10	4725337233	180591.959	1014.177		
mid226	11	4725337233	180591.959	1014.178	0.0036	
mid227	12	4725337233	180591.959	1014.172	0.0038	
mid228	13	4725337233	180591.959	1014.171	0.004	
mid301	14	4725335673	180592.308	1012.112	0.0042	
mid302	15	4725335673	180592.309	1012.112	0.0043	
mid303	16	4725335673	180592.309	1012.108	0.0045	
mid304	17	4725335673	180592.308	1012.117	0.0049	
mid305	18	4725335674	180592.307	1012.114	0.0022	
mid306	19	4725335673	180592.308	1012.121	0.0017	
mid307	20	4725335673	180592.307	1012.115	0.0013	
mid308	21	4725335674	180592.306	1012.114	0.0008	
mid309	22	4725335674	180592.307	1012.108	0.0006	
mid310	23	4725335674	180592.306	1012.112	0.0008	
mid311	24	4725335674	180592.307	1012.11		0.001	
mid312	25	4725335674	180592.307	1012.116	0.0009	
mid313	26	4725335674	180592.307	1012.114	0.0009	
mid314	27	4725335674	180592.306	1012.115	0.0008	
mid315	28	4725335674	180592.306	1012.114	0.0009	
mid316	29	4725337359	180592.178	1011.779	0.001	
mid317	30	4725337357	180592.178	1011.78		0.0012	
mid318	31	4725337356	180592.178	1011.78		0.0015	
mid319	32	4725337356	180592.177	1011.782	0.0017	
mid320	33	4725337357	180592.177	1011.78		0.0018	
mid321	34	4725337357	180592.176	1011.783	0.002
mid322	35	4725337356	180592.178	1011.78		0.0021	
mid323	36	4725337357	180592.178	1011.778	0.0026
mid324	37	4725337357	180592.177	1011.78		0.003	
mid325	38	4725337357	180592.176	1011.784	0.0035
mid326	39	4725337356	180592.178	1011.778	0.0087
mid327	40	4725337356	180592.176	1011.781	0.0089
mid328	41	4725337356	180592.176	1011.775	0.0092
mid329	42	4725337356	180592.177	1011.772	0.0096
mid330	43	4725337356	180592.175	1011.775	0.0098
mid331	44	4725337355	180592.176	1011.776	0.01	
mid401	45	4725337653	180591.24	1015.424	0.0104	
mid402	46	4725337652	180591.24	1015.418	0.0107	
mid403	47	4725337652	180591.241	1015.42		0.0112	
mid404	48	4725337651	180591.24	1015.419	0.0116	
mid405	49	4725337652	180591.241	1015.42		0.0121	
mid406	50	4725337652	180591.24	1015.42		0.0127	
mid407	51	4725337652	180591.24	1015.42		0.0132	
mid408	52	4725337653	180591.239	1015.421	0.0136	
mid409	53	4725337653	180591.24	1015.422	0.0139	
mid410	54	4725337653	180591.24	1015.423	0.0143	
mid411	55	4725337652	180591.239	1015.421	0.0148	
mid412	56	4725337652	180591.24	1015.422	0.0153	
mid413	57	4725337652	180591.239	1015.417	0.0153	
mid414	58	4725337652	180591.24	1015.418	0.0154	
mid415	59	4725337651	180591.24	1015.419	0.0154	
mid422	66	4725338325	180592.424	1012.833	0.0154	
mid423	67	4725338325	180592.423	1012.837	0.0156	
mid424	68	4725338325	180592.422	1012.835	0.0157	
mid425	69	4725338325	180592.424	1012.833	0.0158	
mid426	70	4725338324	180592.423	1012.833	0.0159	
mid427	71	4725338325	180592.423	1012.832	0.0161	
mid428	72	4725338324	180592.424	1012.83		0.0163	
mid429	73	4725338325	180592.423	1012.836	0.0165	
mid430	74	4725338325	180592.423	1012.838	0.0167	
mid501	75	4725335911	180591.843	1016.964	0.0168	
mid502	76	4725335908	180591.843	1016.966	0.0168	
mid503	77	4725335907	180591.843	1016.96		0.0167	
mid504	78	4725335909	180591.843	1016.963	0.0167	
mid505	79	4725335908	180591.843	1016.963	0.0166	
mid506	80	4725335908	180591.842	1016.967	0.0163	
mid507	81	4725335909	180591.842	1016.963	0.016	
mid516	90	4725333565	180590.253	1014.236	0.0157	
mid517	91	4725333567	180590.252	1014.239	0.0155	
mid518	92	4725333566	180590.252	1014.234	0.0153	
mid519	93	4725333567	180590.251	1014.237	0.0153	
mid520	94	4725333568	180590.251	1014.242	0.0151	
mid521	95	4725333567	180590.251	1014.238	0.015	
mid522	96	4725333567	180590.251	1014.24		0.0148	
mid523	97	4725333566	180590.251	1014.241	0.0146	
mid524	98	4725333568	180590.251	1014.247	0.0145	
mid525	99	4725333568	180590.252	1014.242	0.0146	
mid526	100	4725333568	180590.251	1014.246	0.0144	
mid527	101	4725333569	180590.251	1014.239	0.0142	
mid528	102	4725333567	180590.252	1014.244	0.0141	
mid529	103	4725333568	180590.252	1014.241	0.0139	
mid530	104	4725333568	180590.252	1014.248	0.0137	
mid531	105	4725333566	180590.251	1014.248	0.0137	
mid601	106	4725335759	180593.226	1018.298	0.0135	
mid602	107	4725335758	180593.227	1018.298	0.0134	
mid603	108	4725335759	180593.225	1018.299	0.0133	
mid604	109	4725335758	180593.225	1018.296	0.0133	
mid605	110	4725335759	180593.225	1018.302	0.0132	
mid606	111	4725335759	180593.226	1018.298	0.0132	
mid607	112	4725335759	180593.225	1018.298	0.0128	
mid608	113	4725335758	180593.225	1018.295	0.0128	
mid609	114	4725335759	180593.225	1018.3		0.0128	
mid610	115	4725335758	180593.225	1018.296	0.0129	
mid611	116	4725335758	180593.225	1018.301	0.0128	
mid612	117	4725335758	180593.225	1018.3		0.0129	
mid613	118	4725335759	180593.223	1018.302	0.0129	
mid614	119	4725335758	180593.224	1018.301	0.013	
mid615	120	4725335758	180593.224	1018.303	0.0129	
mid616	121	4725337833	180593.206	1018.235	0.013	
mid617	122	4725337832	180593.208	1018.244	0.0131	
mid618	123	4725337832	180593.206	1018.235	0.0131	
mid619	124	4725337831	180593.206	1018.23		0.0131	
mid620	125	4725337831	180593.207	1018.234	0.013	
mid621	126	4725337833	180593.207	1018.234	0.0131	
mid622	127	4725337832	180593.207	1018.23		0.0131	
mid623	128	4725337831	180593.207	1018.232	0.0133	
mid624	129	4725337832	180593.207	1018.227	0.0133	
mid625	130	4725337832	180593.206	1018.233	0.0134	
mid626	131	4725337832	180593.206	1018.229	0.0134	
mid627	132	4725337832	180593.206	1018.233	0.0136	
mid628	133	4725337832	180593.207	1018.232	0.0139	
mid629	134	4725337832	180593.205	1018.231	0.014	
mid630	135	4725337833	180593.206	1018.236	0.0142	
mid701	136	4725336571	180592.193	1020.973	0.0144	
mid702	137	4725336573	180592.193	1020.978	0.0148	
mid703	138	4725336572	180592.19	1020.97		0.0148	
mid704	139	4725336572	180592.193	1020.974	0.0151	
mid705	140	4725336573	180592.192	1020.971	0.0153	
mid706	141	4725336572	180592.193	1020.972	0.0154	
mid707	142	4725336573	180592.192	1020.97		0.0155	
mid708	143	4725336572	180592.192	1020.972	0.0159	
mid709	144	4725336572	180592.192	1020.969	0.0162	
mid710	145	4725336574	180592.19	1020.964	0.0164	
mid711	146	4725336573	180592.191	1020.968	0.0167	
mid712	147	4725336572	180592.19	1020.967	0.017	
mid713	148	4725336571	180592.19	1020.98		0.0172	
mid714	149	4725336573	180592.19	1020.966	0.0173	
mid715	150	4725336572	180592.19	1020.966	0.0175	
mid716	151	4725336224	180592.665	1017.821	0.0176	
mid717	152	4725336221	180592.664	1017.818	0.0178	
mid718	153	4725336221	180592.663	1017.814	0.018	
mid719	154	4725336221	180592.664	1017.817	0.0182	
mid720	155	4725336221	180592.663	1017.818	0.0185	
mid721	156	4725336221	180592.664	1017.819	0.0185	
mid722	157	4725336221	180592.662	1017.817	0.0186	
mid723	158	4725336221	180592.664	1017.823	0.0186	
mid724	159	4725336221	180592.663	1017.818	0.0189	
mid725	160	472533622	180592.665	1017.818	0.019	
mid726	161	4725336223	180592.665	1017.821	0.0189	
mid727	162	4725336221	180592.664	1017.816	0.0191	
mid728	163	4725336221	180592.663	1017.818	0.0193	
mid729	164	472533622	180592.662	1017.821	0.0193	
mid730	165	4725336222	180592.662	1017.812	0.0194	
mid731	166	4725336221	180592.664	1017.816	0.0195	
mid80103	167	4725338007	180592.063	1012.746	0.0196	
mid80203	168	4725338008	180592.063	1012.744	0.0195	
mid80303	169	4725338008	180592.063	1012.748	0.0197	
mid80403	170	4725338007	180592.064	1012.741	0.0197	
mid80503	171	4725338007	180592.064	1012.748	0.0198	
mid80603	172	4725338006	180592.062	1012.747	0.0201	
mid91103	208	4725335554	180592.434	1016.518	0.0202	
mid91203	209	4725335553	180592.434	1016.518	0.0202	
mid91303	210	4725335554	180592.432	1016.523	0.0203	
mid91403	211	4725335554	180592.433	1016.52		0.0201	
mid91503	212	4725335554	180592.433	1016.524	0.0202	
						
BLOCK	STATION					
						
location	day	northing	easting	elevation	3D	vector
blk216	1	4725532	1808255	1073.554		
blk217	2	4725532	1808255	1073.559		
blk218	3	4725532	1808255	1073.553		
blk219	4	4725532	1808255	1073.55		
blk220	5	4725532	1808255	1073.552		
blk223	6	4725532	1808255	1073.555		
blk224	7	4725532	1808255	1073.554		
blk225	8	4725532	1808255	1073.557		
blk226	9	4725532	1808255	1073.552		
blk227	10	4725532	1808255	1073.55		
blk228	11	4725532	1808255	1073.55		0.0052	
blk301	12	4725531	1808259	1071.499	0.0057	
blk302	13	4725531	1808259	1071.496	0.0063	
blk303	14	4725531	1808259	1071.498	0.0067	
blk304	15	4725531	1808259	1071.503	0.0071	
blk305	16	4725531	1808259	1071.497	0.0073	
blk306	17	4725531	1808259	1071.499	0.0073	
blk307	18	4725531	1808259	1071.499	0.0076	
blk308	19	4725531	1808259	1071.499	0.0081	
blk309	20	4725531	1808259	1071.494	0.0083	
blk310	21	4725531	1808259	1071.496	0.0087	
blk311	22	4725531	1808259	1071.496	0.009	
blk312	23	4725531	1808259	1071.499	0.0092	
blk313	24	4725531	1808259	1071.496	0.0094	
blk314	25	4725531	1808259	1071.497	0.0096	
blk315	26	4725531	1808259	1071.501	0.0097	
blk316	27	4725533	1808258	1071.175	0.0096	
blk317	28	4725533	1808258	1071.167	0.0097	
blk318	29	4725533	1808258	1071.163	0.0099	
blk319	30	4725533	1808258	1071.163	0.01	
blk320	31	4725533	1808258	1071.16		0.0102	
blk321	32	4725533	1808258	1071.162	0.0103	
blk322	33	4725533	1808258	1071.159	0.0107	
blk323	34	4725533	1808258	1071.161	0.011	
blk324	35	4725533	1808258	1071.163	0.0112	
blk325	36	4725533	1808258	1071.166	0.0114	
blk326	37	4725533	1808258	1071.166	0.0118	
blk327	38	4725533	1808258	1071.167	0.0127	
blk328	39	4725533	1808258	1071.162	0.0132	
blk329	40	4725533	1808258	1071.161	0.0137	
blk330	41	4725533	1808258	1071.157	0.0141	
blk331	42	4725533	1808258	1071.161	0.0146	
blk422	65	4725534	180826	1072.22		0.015	
blk423	66	4725534	180826	1072.224	0.0153	
blk424	67	4725534	180826	1072.229	0.0155	
blk425	68	4725534	180826	1072.225	0.0159	
blk426	69	4725534	180826	1072.225	0.0164	
blk427	70	4725534	180826	1072.221	0.017	
blk428	71	4725534	180826	1072.221	0.0176	
blk429	72	4725534	180826	1072.221	0.018	
blk430	73	4725534	180826	1072.223	0.0185	
blk501	74	4725531	1808254	1076.343	0.019	
blk502	75	4725531	1808254	1076.346	0.0193	
blk503	76	4725531	1808254	1076.349	0.0194	
blk504	77	4725531	1808254	1076.351	0.0196	
blk505	78	4725531	1808254	1076.348	0.02	
blk506	79	4725531	1808254	1076.351	0.0201	
blk507	80	4725531	1808254	1076.348	0.0203	
blk516	89	4725529	1808238	1073.621	0.0202	
blk517	90	4725529	1808238	1073.625	0.0204	
blk518	91	4725529	1808238	1073.618	0.0203	
blk519	92	4725529	1808238	1073.617	0.0203	
blk520	93	4725529	1808238	1073.623	0.0197	
blk521	94	4725529	1808238	1073.621	0.0194	
blk522	95	4725529	1808238	1073.621	0.0194	
blk523	96	4725529	1808238	1073.62		0.0195	
blk524	97	4725529	1808238	1073.625	0.0195	
blk525	98	4725529	1808238	1073.622	0.0196	
blk526	99	4725529	1808238	1073.626	0.0194	
blk527	100	4725529	1808238	1073.618	0.0189	
blk528	101	4725529	1808238	1073.625	0.019	
blk529	102	4725529	1808238	1073.624	0.0189	
blk530	103	4725529	1808238	1073.63		0.0189	
blk531	104	4725529	1808238	1073.629	0.0192	
blk601	105	4725531	1808268	1077.679	0.019	
blk602	106	4725531	1808268	1077.676	0.019	
blk603	107	4725531	1808268	1077.678	0.0192	
blk604	108	4725531	1808268	1077.677	0.0196	
blk605	109	4725531	1808268	1077.682	0.0197	
blk606	110	4725531	1808268	1077.687	0.0202	
blk613	117	4725531	1808268	1077.678	0.0203	
blk614	118	4725531	1808268	1077.676	0.0207	
blk615	119	4725531	1808268	1077.672	0.0211	
blk616	120	4725533	1808268	1077.603	0.0218	
blk617	121	4725533	1808268	1077.611	0.0224	
blk618	122	4725533	1808268	1077.607	0.0228	
blk619	123	4725533	1808268	1077.6		0.0232	
blk620	124	4725533	1808268	1077.603	0.0236	
blk621	125	4725533	1808268	1077.605	0.0259	
blk622	126	4725533	1808268	1077.599	0.0288	
blk623	127	4725533	1808268	1077.602	0.0318	
blk624	128	4725533	1808268	1077.599	0.0348	
blk625	129	4725533	1808268	1077.602	0.0376	
blk626	130	4725533	1808268	1077.599	0.0404	
blk627	131	4725533	1808268	1077.601	0.0433	
blk628	132	4725533	1808268	1077.6		0.0464	
blk629	133	4725533	1808268	1077.599	0.0493	
blk630	134	4725533	1808268	1077.601	0.0522	
bk102403	250	4725531	1808261	1064.119	0.0552	
bk102503	251	4725531	1808261	1064.11		0.0585
bk102603	252	4725531	1808261	1064.114	0.0616	
bk102703	253	4725531	1808261	1064.104	0.0649	
bk102803	254	4725531	1808261	1064.109	0.0679	
bk102903	255	4725531	1808261	1064.103	0.0709	
bk103003	256	4725531	1808261	1064.102	0.0743	
bk103103	257	4725531	1808261	1064.105	0.0777	
bk110103	258	4725534	1808252	1069.42		0.0814	
bk110203	259	4725534	1808252	1069.416	0.0852	
bk110303	260	4725534	1808252	1069.415	0.0894	
bk110403	261	4725534	1808252	1069.412	0.0911	
bk110503	262	4725534	1808252	1069.41		0.0925	
bk110603	263	4725534	1808252	1069.408	0.0942	
bk110703	264	4725534	1808252	1069.414	0.0956	
bk110803	265	4725534	1808252	1069.417	0.0973	
bk110903	266	4725534	1808252	1069.404	0.0988	
bk111003	267	4725534	1808252	1069.405	0.1003	
bk111103	268	4725534	1808252	1069.398	0.1019	
bk111203	269	4725534	1808252	1069.395	0.1038	
bk111303	270	4725534	1808252	1069.386	0.1055	
bk111403	271	4725534	1808252	1069.399	0.1075	
bk111503	272	4725534	1808252	1069.398	0.1092	
bk111603	273	4725534	1808252	1069.397	0.1107	
bk111703	274	4725534	1808252	1069.39		0.1122	
bk111803	275	4725534	1808252	1069.39		0.1139	
bk111903	276	4725534	1808252	1069.387	0.1159	
bk112003	277	4725534	1808252	1069.388	0.1174	
bk112103	278	4725534	1808252	1069.387	0.1184	
bk112203	279	4725534	1808252	1069.383	0.1191	
bk112303	280	4725534	1808252	1069.381	0.1197	
bk112403	281	4725534	1808252	1069.375	0.12	
bk112503	282	4725534	1808252	1069.376	0.1209	
bk112603	283	4725534	1808252	1069.382	0.1219	
bk112703	284	4725534	1808252	1069.38		0.1229	
bk112803	285	4725534	1808252	1069.381	0.1236	
bk112903	286	4725534	1808252	1069.377	0.1244	
bk113003	287	4725534	1808252	1069.374	0.1251	
