DATE	PRCP	TMAX
20160101	0	13
20160102	0	11
20160103	0	27
20160104	-9999	30
20160105	-9999	38
20160106	-9999	42
20160107	-9999	39
20160108	-9999	32
20160109	-9999	36
20160110	-9999	38
20160111	0	28
20160112	0	30
20160113	0	32
20160114	0	38
20160115	0.18	37
20160116	0	35
20160117	0.14	36
20160118	0.09	38
20160119	-9999	42
20160120	-9999	41
20160121	-9999	40
20160122	-9999	40
20160123	-9999	36
20160124	-9999	35
20160125	-9999	40
20160126	-9999	39
20160127	-9999	36
20160128	-9999	37
20160129	-9999	38
20160130	-9999	41
20160131	0.03	38
20160201	0	30
20160202	0	31
20160203	0	33
20160204	0.07	34
20160205	0	39
20160206	0	38
20160207	0	44
20160208	0	42
20160209	0	33
20160210	0	35
20160211	0	43
20160212	0	44
20160213	0	47
20160214	0.09	47
20160215	0	47
20160216	0	59
20160217	0	49
20160218	0	49
20160219	0	52
20160220	0	59
20160221	0	45
20160222	0	50
20160223	0	44
20160224	0	45
20160225	0	49
20160226	0	52
20160227	0	58
20160228	0	55
20160229	0	62
20160301	0	50
20160302	0.01	59
20160303	0	58
20160304	0	61
20160305	0	63
20160306	0	64
20160307	-9999	54
20160308	0	51
20160309	0.04	51
20160310	0	52
20160311	0.21	64
20160312	0	59
20160313	0	57
20160314	-9999	49
20160315	0.02	44
20160316	0.04	43
20160317	0	48
20160318	0	48
20160319	0	48
20160320	0	58
20160321	0	67
20160322	0.22	51
20160323	0	46
20160324	0	50
20160325	0.01	56
20160326	0	46
20160327	0	50
20160328	0.11	54
20160329	0	46
20160330	0.35	38
20160331	0	57
20160401	0	60
20160402	0	60
20160403	0	68
20160404	0	70
20160405	0	65
20160406	0	54
20160407	0	66
20160408	0	72
20160409	0	77
20160410	0	77
20160411	0	72
20160412	0	72
20160413	0.1	69
20160414	0	59
20160415	0.08	57
20160416	0	54
20160417	0	61
20160418	0	65
20160419	0	65
20160420	0	71
20160421	0	78
20160422	0	85
20160423	0.08	77
20160424	0	51
20160425	0.11	58
20160426	0.37	50
20160427	0.02	59
20160428	0.03	60
20160429	0	64
20160430	0.01	61
20160501	0	62
20160502	0	64
20160503	0	70
20160504	0	77
20160505	0	80
20160506	0.01	78
20160507	0.28	67
20160508	0	66
20160509	0	72
20160510	0	58
20160511	0	62
20160512	0	67
20160513	0	79
20160514	0	82
20160515	0.5	78
20160516	0	64
20160517	0	65
20160518	0	72
20160519	0	78
20160520	0.3	62
20160521	0.26	53
20160522	0.02	61
20160523	0	61
20160524	0	66
20160525	0	69
20160526	0.14	66
20160527	0	72
20160528	0	67
20160529	0	70
20160530	0	76
20160531	0	73
20160601	0	77
20160602	0	84
20160603	0	83
20160604	0	84
20160605	0.01	88
20160606	0.02	92
20160607	0	91
20160608	0	92
20160609	0	92
20160610	0	83
20160611	0	84
20160612	0	69
20160613	0	72
20160614	0	80
20160615	0	65
20160616	0.04	67
20160617	0	72
20160618	0	82
20160619	0	82
20160620	0	77
20160621	0	91
20160622	0	81
20160623	0	88
20160624	0	90
20160625	0	73
20160626	0	78
20160627	0	86
20160628	0	95
20160629	0	97
20160630	0.02	95
20160701	0	89
20160702	0	90
20160703	0	92
20160704	0	92
20160705	0	83
20160706	0	78
20160707	0	77
20160708	0	83
20160709	0	88
20160710	0	85
20160711	0.18	65
20160712	0	73
20160713	0	84
20160714	0	83
20160715	0	88
20160716	0	90
20160717	0	82
20160718	0	89
20160719	0	89
20160720	0	88
20160721	0	89
20160722	0	97
20160723	0	89
20160724	0	83
20160725	0	87
20160726	0	93
20160727	0	95
20160728	0	94
20160729	0	95
20160730	0	97
20160731	0	95
20160801	0	91
20160802	0	90
20160803	0	93
20160804	0	80
20160805	0	83
20160806	0	86
20160807	0	88
20160808	0	86
20160809	0	84
20160810	0	74
20160811	0	77
20160812	0	84
20160813	0	88
20160814	0	88
20160815	0	94
20160816	0	92
20160817	0	92
20160818	0	93
20160819	0	88
20160820	0	84
20160821	0	88
20160822	0	91
20160823	0	83
20160824	0	77
20160825	0	78
20160826	0	79
20160827	0	81
20160828	0	86
20160829	0	87
20160830	0	89
20160831	0	90
20160901	0	86
20160902	0	84
20160903	0	69
20160904	0	70
20160905	0.16	58
20160906	0	66
20160907	0	71
20160908	0	72
20160909	0	74
20160910	0	72
20160911	0	77
20160912	0	80
20160913	0.07	56
20160914	0.15	64
20160915	0	60
20160916	0	68
20160917	0	73
20160918	0	79
20160919	0	80
20160920	0	80
20160921	0	81
20160922	0.19	65
20160923	0.28	56
20160924	0.17	60
20160925	0.01	63
20160926	0	70
20160927	0	76
20160928	0	80
20160929	0	81
20160930	0	83
20161001	0.07	79
20161002	0	72
20161003	0	71
20161004	0	59
20161005	0	58
20161006	0	57
20161007	0	60
20161008	0	67
20161009	0	74
20161010	0	75
20161011	0	73
20161012	0	57
20161013	0	60
20161014	0	63
20161015	0.17	61
20161016	0	64
20161017	0.62	56
20161018	0	58
20161019	0.16	50
20161020	0	54
20161021	0	67
20161022	0	63
20161023	0	61
20161024	0	64
20161025	0	60
20161026	0	63
20161027	0	74
20161028	0.17	65
20161029	0.57	48
20161030	0.02	62
20161031	0.61	66
20161101	0	60
20161102	0	53
20161103	0	56
20161104	0	57
20161105	0	61
20161106	0	62
20161107	0	61
20161108	0	58
20161109	0	63
20161110	0	66
20161111	0	63
20161112	0	65
20161113	0	60
20161114	0	60
20161115	0	64
20161116	0.04	70
20161117	0	42
20161118	0	41
20161119	0	47
20161120	0	58
20161121	0	57
20161122	-9999	45
20161123	-9999	47
20161124	-9999	40
20161125	-9999	46
20161126	-9999	43
20161127	-9999	51
20161128	-9999	43
20161129	0	40
20161130	0	41
20161201	0	40
20161202	0	37
20161203	0	36
20161204	0	42
20161205	0.02	49
20161206	0	29
20161207	0	24
20161208	0	22
20170101	-9999	19
20170102	-9999	23
20170103	-9999	24
20170104	-9999	22
20170105	-9999	23
20170106	-9999	12
20170107	-9999	4
20170108	-9999	19
20170109	-9999	42
20170110	-9999	43
20170111	-9999	42
20170112	-9999	40
20170113	-9999	28
20170114	-9999	23
20170115	-9999	19
20170116	-9999	13
20170117	-9999	12
20170118	0	22
20170119	0.49	31
20170120	0	34
20170121	0	37
20170122	0	41
20170123	0.1	39
20170124	0.23	30
20170125	0	26
20170126	0	28
20170127	0	30
20170128	0	27
20170129	0	20
20170130	0	22
20170131	0	20
20170201	0	31
20170202	0	29
20170203	0	28
20170204	0	40
20170205	0	43
20170206	0	44
20170207	0.19	47
20170208	0.18	43
20170209	0.56	42
20170210	0	50
20170211	0	46
20170212	0	38
20170213	0	30
20170214	0	36
20170215	0	41
20170216	0	45
20170217	0.79	59
20170218	0	43
20170219	0	49
20170220	0	53
20170221	0	54
20170222	0	52
20170223	0	40
20170224	0	27
20170225	0	32
20170226	0	32
20170227	0.1	33
20170228	0	36
20170301	0	35
20170302	0	42
20170303	0	41
20170304	0	42
20170305	0	49
20170306	0	42
20170307	0	35
20170308	0.06	44
20170309	0	57
20170310	0	61
20170311	0	56
20170312	0	58
20170313	0	58
20170314	0	66
20170315	0	70
20170316	0	66
20170317	0	58
20170318	0	69
20170319	0	70
20170320	0	61
20170321	0	61
20170322	0.11	67
20170323	0	56
20170324	0	53
20170325	0.07	61
20170326	0	53
20170327	0.1	59
20170328	0	51
20170329	0	52
20170330	0.27	63
20170331	0.09	55
20170401	0	56
20170402	0	59
20170403	0	56
20170404	0	47
20170405	0	52
20170406	0	68
20170407	0	68
20170408	0.01	64
20170409	0.14	48
20170410	0	51
20170411	0	55
20170412	0	56
20170413	0	70
20170414	0.01	50
20170415	0	46
20170416	0	54
20170417	0	67
20170418	0.14	60
20170419	0	55
20170420	0	59
20170421	0	54
20170422	0	57
20170423	0	70
20170424	0.02	65
20170425	0	53
20170426	0	58
20170427	0.18	56
20170428	0	47
20170429	0	54
20170430	0	60
20170501	0	63
20170502	0	60
20170503	0	61
20170504	0	70
20170505	0	79
20170506	0	79
20170507	0	57
20170508	0	59
20170509	0	64
20170510	0	71
20170511	0	77
20170512	0	86
20170513	0	66
20170514	0	57
20170515	0	60
20170516	0	62
20170517	0.27	58
20170518	0	47
20170608	0	94
20170609	0	82
20170610	0	68
20170611	0	65
20170612	0.24	69
20170613	0.63	54
20170614	0	65
20170615	0	74
20170616	0	79
20170617	0	81
20170618	0	75
20170619	0	83
20170620	0	90
20170621	0	95
20170622	0	85
20170623	0	81
20170624	0	82
20170625	0	87
20170626	0	88
20170627	0	90
20170628	0	87
20170629	0	83
20170630	0	80
20170701	0	84
20170702	0	89
20170703	0	93
20170704	0	94
20170705	0	94
20170706	0	95
20170707	0	95
20170708	0	96
20170709	0.16	96
20170710	0	96
20170711	0	93
20170712	0	89
20170713	0	91
20170714	0	97
20170715	0	92
20170716	0	96
20170717	0	89
20170718	0	90
20170719	0	91
20170720	0	91
20170721	0	89
20170722	0	90
20170723	0	93
20170724	0	94
20170725	0	94
20170726	0	90
20170727	0	87
20170728	0	87
20170729	0	87
20170730	0	94
20170731	0	95
20170801	0	96
20170802	0	97
20170803	0	96
20170804	0	96
20170805	0	94
20170806	0	90
20170807	0	84
20170808	0	87
20170809	0	89
20170810	0	83
20170811	0	87
20170812	0	90
20170813	0	92
20170814	0	86
20170815	0	72
20170816	0	82
20170817	0	87
20170818	0	85
20170819	0	90
20170820	0	88
20170821	0	86
20170822	0	86
20170823	0	90
20170824	0	84
20170825	0	89
20170826	0	87
20170827	0	90
20170828	0	92
20170829	0	93
20170830	0	93
20170831	0	88
20170901	0	86
20170902	0	87
20170903	0	92
20170904	0	95
20170905	0	92
20170906	0	84
20170907	0	87
20170908	0	87
20170909	0	89
20170910	0	86
20170911	0	86
20170912	0	85
20170913	0	88
20170914	0	82
20170915	0.19	73
20170916	0	64
20170917	0	61
20170918	0	71
20170919	0.21	69
20170920	0.03	57
20170921	0.34	67
20170922	0	47
20171001	0	59
20171002	0	55
20171003	0	54
20171004	0	57
20171005	0	52
20171006	0	59
20171007	0	69
20171008	0	68
20171009	0	52
20171010	0	55
20171011	0	66
20171012	0	56
20171013	0	51
20171014	0	54
20171015	0	48
20171016	0	58
20171017	0	65
20171018	0	68
20171019	0	71
20171020	0	74
20171021	0.18	48
20171022	0	53
20171023	0.01	65
20171024	0	58
20171025	0	60
20171026	0	66
20171027	0	60
20171028	0	59
20171029	0	63
20171030	0	66
20171031	0	50
20171101	0	56
20171102	0	66
20171103	0	56
20171104	0	57
20171105	0.2	34
20171106	0.13	48
20171107	0	40
20171108	0	39
20171109	0	42
20171110	0	56
20171111	0	59
20171112	0	52
20171113	0	54
20171114	0	51
20171115	0	48
20171116	0.21	43
20171117	0.53	49
20171118	0	40
20171119	0	42
20171120	0	44
20171121	0.1	47
20171122	0	59
20171123	0.06	64
20171124	0	64
20171125	-9999	51
20171126	-9999	51
20171127	-9999	57
20171128	0	44
20171129	0	43
20171130	0	40
20171201	0	39
20171202	0	41
20171203	0.01	44
20171204	0	37
20171205	0	35
20171206	0	35
20171207	0	29
20171208	0	32
20171209	0	28
20171210	0	24
20171211	0	21
20171212	0	23
20171213	0	21
20171214	0	22
20171215	0	26
20171216	0.01	28
20171217	0	33
20171218	0	36
20171219	0	46
20171220	0.07	46
20171221	0	31
20171222	0	31
20171223	0.16	37
20171224	0	33
20171225	0.26	20
20171226	0	30
20171227	0	30
20171228	0	32
20171229	0	41
20171230	0	44
20171231	0	45
20180101	0	33
20180102	0	32
20180103	0	31
20180109	-9999	42
20180110	-9999	42
20180111	-9999	39
20180112	-9999	48
20180113	-9999	48
20180114	-9999	50
20180115	-9999	43
20180116	-9999	44
20180117	-9999	40
20180118	-9999	43
20180119	0.06	51
20180120	0	38
20180121	0	36
20180122	0.02	40
20180123	0	43
20180124	0	36
20180125	0	43
20180126	0	41
20180127	0	41
20180128	0	41
20180129	0	56
20180130	0	46
20180131	0	61
20180201	0	42
20180202	0	47
20180203	0	58
20180204	0	56
20180205	0	60
20180206	0	52
20180207	0	47
20180208	0	56
20180209	0	62
20180210	0	50
20180211	0	39
20180212	0.1	30
20180213	0.01	30
20180214	0	36
20180215	0	46
20180216	0	38
20180217	-9999	39
20180218	0.08	54
20180219	0	41
20180220	0	29
20180221	0	25
20180222	0	37
20180223	0	28
20180224	0	28
20180225	0.04	37
20180226	0	37
20180227	0	35
20180228	0	34
20180301	0	39
20180302	0.25	48
20180303	0	38
20180304	0	37
20180305	0	40
20180306	0	44
20180307	0	47
20180308	0	49
20180309	0	55
20180310	0	55
20180311	0	54
20180312	0	52
20180313	0	59
20180314	-9999	68
20180315	-9999	47
20180316	0.05	43
20180317	0.22	49
20180318	0	45
20180319	0	45
20180320	0	48
20180321	0	50
20180322	-9999	57
20180323	0.16	60
20180324	0	58
20180325	0.11	47
20180326	0	46
20180327	0	44
20180328	0	55
20180329	0	55
20180330	0	56
20180331	0	65
20180401	0	60
20180402	0	60
20180403	0.06	40
20180404	0	51
20180405	0	60
20180406	0.12	58
20180407	0	56
20180408	0.19	68
20180409	0	54
20180410	0	59
20180411	0	69
20180412	0	62
20180413	0	45
20180414	0	52
20180415	0	58
20180416	0.01	71
20180417	0.15	45
20180418	0	47
20180419	0	61
20180420	0	58
20180421	0	62
20180422	0	69
20180423	0	64
20180424	0	61
20180425	0	64
20180426	0	74
20180427	0	76
20180428	0	88
20180429	0	69
20180430	0	55
20180501	0	61
20180502	0	58
20180503	0	65
20180504	0	71
20180505	0	78
20180506	0	79
20180507	0	88
20180508	0	76
20180509	0	81
20180510	0.01	79
20180511	0	71
20180512	0	56
20180513	0.57	46
20180514	0	61
20180515	0	72
20180516	0.03	70
20180517	0.01	74
20180518	0.02	72
20180519	0	70
20180520	0	75
20180521	0.42	69
20180522	0	72
20180523	0	73
20180524	-9999	77
20180525	-9999	80
20180526	0	88
20180527	0.12	69
20180528	0	73
20180529	0	75
20180530	0	82
20180531	0	76
20180605	-9999	91
20180606	-9999	83
20180607	-9999	84
20180707	0	91
20180708	0	90
20180709	0	93
20180710	0	95
